##############################
# design: 49 - Sleeping Shy Pure Left
# size: 20x14
###########################

0 0 0 1 0 0 0 0 0 1 0 0 0 0 0 0 0 0 0 0
0 0 1 3 1 0 0 0 1 3 1 0 0 0 0 0 0 0 0 0
0 0 1 5 3 1 1 1 3 5 1 0 0 0 0 0 0 0 0 0
0 1 1 3 3 3 3 3 3 3 1 1 1 1 1 1 0 0 0 0
0 1 3 3 3 3 3 3 3 3 3 1 1 3 3 1 1 1 1 0
0 1 3 3 1 3 3 3 1 3 3 1 3 3 3 3 3 3 1 0
0 1 3 3 3 3 3 3 3 3 3 1 3 3 3 3 3 3 1 1
0 1 3 4 4 3 5 3 4 4 3 1 3 3 3 3 3 3 3 1
1 1 3 3 3 3 3 3 3 3 3 1 3 3 1 3 3 3 3 1
1 1 1 3 3 3 3 3 3 3 1 3 3 3 3 1 1 3 3 1
1 3 3 1 1 1 1 1 1 1 1 1 4 4 3 1 3 3 1 1
1 1 3 3 5 1 5 3 3 1 3 1 1 1 1 3 3 1 1 0
0 1 1 1 1 1 1 1 1 1 3 3 3 3 3 3 1 1 0 0
0 0 0 0 0 0 0 0 0 1 1 1 1 1 1 1 1 0 0 0
