##############################
# design: 52 - Standing Shy Tabby Left
# size: 21x17
###########################

0 0 1 0 0 0 0 0 1 0 0 0 0 0 0 0 0 0 0 0 0
0 1 3 1 0 0 0 1 3 1 0 0 0 0 0 0 0 0 0 0 0
0 1 5 3 1 1 1 3 5 1 0 0 0 0 0 0 0 0 0 0 0
1 1 3 3 2 3 2 3 3 1 1 0 0 0 0 0 0 1 1 1 0
1 3 3 3 3 3 3 3 3 3 1 0 0 0 0 0 0 1 3 1 0
1 2 3 1 3 3 3 1 3 2 1 1 1 1 1 1 0 1 1 3 1
1 3 3 3 3 3 3 3 3 3 1 3 3 2 3 1 1 0 1 2 1
1 2 4 4 3 5 3 4 4 2 1 3 2 3 3 2 1 0 1 3 1
1 3 3 3 3 3 3 3 3 3 1 3 3 3 2 3 1 1 1 2 1
0 1 3 3 3 3 3 3 3 1 3 3 3 3 3 3 3 2 3 1 1
0 0 1 1 1 1 1 1 1 3 3 3 3 3 3 3 2 1 1 1 0
0 0 1 3 3 3 3 3 3 3 3 3 3 3 3 3 3 1 0 0 0
0 0 1 2 3 3 3 3 1 4 4 4 1 3 3 3 1 1 0 0 0
0 0 0 1 3 3 1 3 2 1 4 1 3 3 3 1 1 0 0 0 0
0 0 0 0 1 3 1 1 3 1 4 1 3 3 1 1 0 0 0 0 0
0 0 0 0 1 5 1 1 5 1 1 5 3 1 1 0 0 0 0 0 0
0 0 0 0 1 1 1 1 1 1 1 1 1 1 0 0 0 0 0 0 0
