##############################
# design: 61 - Sleeping Shy Tortie Left
# size: 20x14
###########################

0 0 0 0 0 0 0 0 0 0 1 0 0 0 0 0 1 0 0 0
0 0 0 0 0 0 0 0 0 1 3 1 0 0 0 1 2 1 0 0
0 0 0 0 0 0 0 0 0 1 5 3 1 1 1 2 5 1 0 0
0 0 0 0 1 1 1 1 1 1 3 3 3 3 2 2 2 1 1 0
0 1 1 1 1 3 3 1 1 3 3 3 3 2 2 2 2 2 1 0
0 1 3 3 3 3 3 3 1 3 3 1 3 2 2 1 2 2 1 0
1 1 2 2 3 3 3 3 1 3 3 3 2 2 2 2 2 2 1 0
1 2 2 2 3 3 3 3 1 3 4 4 2 5 2 4 4 2 1 0
1 2 2 2 2 1 3 3 1 3 3 3 2 2 2 2 2 2 1 1
1 2 2 1 1 3 3 3 3 1 3 3 2 2 2 2 2 1 1 1
1 1 2 2 1 3 4 4 1 1 1 1 1 1 1 1 1 3 3 1
0 1 1 2 3 1 1 1 1 3 1 2 2 2 1 5 3 3 1 1
0 0 1 1 3 3 3 3 3 3 1 1 1 1 1 1 1 1 1 0
0 0 0 1 1 1 1 1 1 1 1 0 0 0 0 0 0 0 0 0
