##############################
# design: 87 - Stalking Grumpy Tabby Right
# size: 20x21
###########################

0 0 0 0 0 0 0 0 0 0 1 1 1 1 1 1 0 0 0 0
0 0 0 0 0 0 0 0 0 0 1 3 2 3 2 1 1 1 0 0
0 0 0 0 0 0 0 0 0 0 1 3 1 1 2 3 2 1 0 0
0 0 0 0 0 0 0 0 0 0 1 1 0 0 1 1 3 1 0 0
0 0 0 0 0 0 0 0 0 0 0 0 0 0 0 1 2 1 1 0
0 0 0 0 0 0 0 0 0 0 0 0 0 0 0 1 3 3 1 0
0 0 1 1 0 0 0 0 1 1 0 0 0 1 1 1 1 1 1 0
0 1 3 1 0 0 0 1 3 1 0 0 1 1 3 3 3 3 1 1
1 3 5 3 1 1 1 3 5 3 1 1 1 3 2 3 3 3 3 1
1 3 3 3 2 3 2 3 3 3 1 1 2 3 3 2 3 3 3 1
1 3 3 4 3 3 3 4 3 3 1 3 3 2 3 3 3 3 3 1
1 2 3 1 3 3 3 1 3 2 1 3 3 3 3 3 3 3 1 1
1 3 3 3 3 3 3 3 3 3 1 3 3 3 3 3 3 3 1 0
1 2 3 3 3 5 3 3 3 2 1 3 3 3 3 4 3 3 1 0
1 3 3 3 4 3 4 3 3 3 1 3 3 4 4 4 3 3 1 0
0 1 3 3 3 3 3 3 3 1 1 3 4 4 4 1 3 3 2 1
0 0 1 1 1 1 1 1 1 3 3 3 1 1 1 1 1 3 3 1
0 1 1 3 3 3 3 3 3 3 1 1 1 3 3 1 1 3 1 1
1 1 3 2 3 1 3 2 1 1 1 1 5 3 1 1 3 3 1 0
1 5 3 1 1 1 5 1 1 0 0 1 1 1 1 5 3 1 1 0
1 1 1 1 0 1 1 1 0 0 0 0 0 0 1 1 1 1 0 0
