##############################
# design: 101 - Sleeping Pouting Tabby Right
# size: 20x14
###########################

0 0 0 0 0 0 0 0 0 0 1 0 0 0 0 0 1 0 0 0
0 0 0 0 0 0 0 0 0 1 3 1 0 0 0 1 3 1 0 0
0 0 0 0 0 0 0 0 0 1 5 3 1 1 1 3 5 1 0 0
0 0 0 0 1 1 1 1 1 1 3 3 2 3 2 3 3 1 1 0
0 1 1 1 1 3 3 1 1 3 3 3 3 3 3 3 3 3 1 0
0 1 2 3 3 2 3 3 1 2 3 1 3 3 3 1 3 2 1 0
1 1 3 2 3 3 2 3 1 3 3 4 3 3 3 4 3 3 1 0
1 3 3 3 3 3 3 3 1 2 3 3 3 5 3 3 3 2 1 0
1 2 3 3 3 1 3 3 1 3 3 3 4 3 4 3 3 3 1 1
1 3 3 1 1 3 3 3 3 1 3 3 3 3 3 3 3 1 1 1
1 1 3 3 1 3 4 4 1 1 1 1 1 1 1 1 1 2 3 1
0 1 1 2 3 1 1 1 1 3 1 2 3 5 1 5 3 3 1 1
0 0 1 1 2 3 2 3 2 3 1 1 1 1 1 1 1 1 1 0
0 0 0 1 1 1 1 1 1 1 1 0 0 0 0 0 0 0 0 0
