##############################
# design: 114 - Pouncing Shy Pure Right
# size: 17x22
###########################

0 0 0 0 0 0 1 1 0 0 0 0 0 1 0 0 0
0 0 0 0 0 0 1 3 1 0 0 0 1 3 1 0 0
0 0 0 0 0 0 1 5 3 1 1 1 3 5 1 0 0
0 0 0 0 0 1 1 3 3 3 3 3 3 3 1 1 0
0 0 0 0 0 1 3 3 3 3 3 3 3 3 3 1 0
0 0 0 0 0 1 3 3 1 3 3 3 1 3 3 1 0
0 0 0 0 0 1 3 3 3 3 3 3 3 3 3 1 0
0 0 0 0 0 1 3 4 4 3 5 3 4 4 3 1 0
0 0 0 0 0 1 3 3 3 3 3 3 3 3 3 1 0
0 0 0 0 0 1 1 3 3 3 3 3 3 3 1 0 0
0 0 0 1 1 1 3 1 1 1 1 1 1 1 3 1 1
0 1 1 3 1 3 3 3 3 3 3 3 3 3 3 5 1
0 1 3 1 1 3 3 3 3 1 1 1 3 3 1 1 1
1 1 3 1 3 3 3 3 3 3 5 1 3 1 1 0 0
1 3 1 1 3 3 3 3 3 1 1 3 3 1 0 0 0
1 3 1 1 3 3 3 3 3 4 4 4 3 1 0 0 0
1 3 3 1 3 1 1 1 3 4 4 4 1 1 0 0 0
1 1 3 1 3 3 3 1 3 4 4 4 1 0 0 0 0
0 1 1 3 3 3 3 3 3 4 4 3 1 0 0 0 0
0 0 1 1 1 3 3 3 1 1 3 3 1 0 0 0 0
0 0 0 0 1 5 1 1 1 1 5 1 1 0 0 0 0
0 0 0 0 1 1 1 0 0 0 1 1 0 0 0 0 0
